$ 1 0.000005 15.472767971186109 50 5 50
r 160 96 160 192 0 100
r 224 96 224 192 0 10
r 160 192 160 288 0 1000
r 224 192 224 288 0 101
w 160 96 192 96 0
w 192 96 224 96 0
w 160 288 192 288 0
w 192 288 224 288 0
w 192 288 192 320 0
g 192 320 192 368 0
w 192 96 192 64 0
w 192 64 544 64 0
w 224 192 240 192 0
w 240 192 240 208 0
w 240 208 272 208 0
w 272 208 304 208 0
w 160 192 192 192 0
w 192 192 192 176 0
w 192 176 272 176 0
w 272 176 304 176 0
a 336 192 480 192 8 15 0 1000000 11.820605637210637 11.831750643426211 100000
t 576 112 576 64 0 1 -10.276350022520592 0.7209875587949401 100
w 544 64 560 64 0
w 480 192 576 192 0
w 304 208 304 320 0
r 304 320 416 320 0 220000
r 544 304 640 304 0 100000
c 544 304 544 368 0 0.000009999999999999999 22.169308115028674
w 592 64 640 64 0
R 640 64 688 64 0 0 40 24 0 0 0.5
w 448 320 416 320 0
w 448 288 448 256 0
w 448 256 640 256 0
w 640 304 640 256 0
w 640 256 640 64 0
g 544 368 544 400 0
r 480 304 544 304 0 5000
t 480 304 448 304 0 -1 -0.5591552353342557 -0.5798482466293464 100
r 304 176 336 176 0 1000
r 304 208 336 208 0 1000
c 336 176 336 208 0 0.00001 -0.011145006215574682
w 336 176 336 128 0
c 336 128 480 128 0 1e-7 -3.1793954622899854
w 480 128 480 192 0
r 576 192 576 112 0 1000
r 640 304 640 368 0 100000
g 640 368 640 400 0
o 19 64 0 4099 20 0.00009765625 0 2 19 3
o 15 64 0 4099 20 0.00009765625 1 2 15 3
